30 100
1 1 1 6 6 3 1 6 8 5 3 5 7 3 3 1 3 3 1 4 5 5 5 2 5 8 6 5 7 6
10 14
27 30
17 22
21 25
15 19
21 26
27 30
6 11
21 26
10 14
22 28
16 20
12 17
11 15
7 13
17 23
15 21
12 18
5 10
26 30
17 23
16 21
12 17
2 6
1 4
11 17
7 11
2 6
27 30
26 30
27 30
6 10
22 27
20 24
16 22
2 6
26 30
10 16
10 14
11 16
20 24
6 11
10 16
11 17
1 4
11 15
15 21
11 15
5 11
1 5
16 20
10 15
25 30
12 16
16 22
27 30
6 12
27 30
21 27
21 27
7 13
15 19
6 12
11 15
27 30
17 22
1 6
5 11
7 13
10 16
10 14
1 5
27 30
17 23
12 16
12 17
22 27
6 11
27 30
21 27
2 7
25 30
6 10
6 11
26 30
12 17
15 21
1 4
26 30
5 11
17 23
20 25
27 30
22 28
26 30
17 21
12 18
22 26
21 25
10 15
